coverrear_Lp.xyz_cd: 0.33919973066076636
coverrear_Lp.xyz_dcd: 0.29897359013557434
statue_dragon_aligned.xyz_cd: 0.2524621086195111
statue_dragon_aligned.xyz_dcd: 0.3093496263027191
m88.xyz_cd: 0.1887828402686864
m88.xyz_dcd: 0.22933439910411835
cow.xyz_cd: 0.15571617404930294
cow.xyz_dcd: 0.2491355687379837
13770_Tiger_V1.xyz_cd: 0.09486846101935953
13770_Tiger_V1.xyz_dcd: 0.21639366447925568
m333.xyz_cd: 0.2946175809483975
m333.xyz_dcd: 0.2732085585594177
duck.xyz_cd: 0.3515283460728824
duck.xyz_dcd: 0.30509716272354126
camel.xyz_cd: 0.15462249575648457
camel.xyz_dcd: 0.2459312379360199
m60.xyz_cd: 0.10869762627407908
m60.xyz_dcd: 0.2437622845172882
casting.xyz_cd: 0.4408249515108764
casting.xyz_dcd: 0.34801191091537476
fandisk.xyz_cd: 0.22650827304460108
fandisk.xyz_dcd: 0.2596908509731293
horse.xyz_cd: 0.14538972754962742
horse.xyz_dcd: 0.23847229778766632
star.xyz_cd: 0.3652607265394181
star.xyz_dcd: 0.30671626329421997
elk.xyz_cd: 0.4015995655208826
elk.xyz_dcd: 0.282275527715683
m329.xyz_cd: 0.25937892496585846
m329.xyz_dcd: 0.26918476819992065
pig.xyz_cd: 0.22440131579060107
pig.xyz_dcd: 0.248905748128891
eight.xyz_cd: 0.23298792075365782
eight.xyz_dcd: 0.25641313195228577
statue_rome_aligned.xyz_cd: 0.15413746587000787
statue_rome_aligned.xyz_dcd: 0.2522921860218048
genus3.xyz_cd: 0.34069432877004147
genus3.xyz_dcd: 0.29574769735336304
m32.xyz_cd: 0.11691308463923633
m32.xyz_dcd: 0.23078089952468872
Gramme_aligned.xyz_cd: 0.32989768078550696
Gramme_aligned.xyz_dcd: 0.31508880853652954
statue_ramesses_aligned.xyz_cd: 0.1545693085063249
statue_ramesses_aligned.xyz_dcd: 0.2635078430175781
chair.xyz_cd: 0.24754871265031397
chair.xyz_dcd: 0.28514188528060913
kitten.xyz_cd: 0.2319103805348277
kitten.xyz_dcd: 0.2652341425418854
elephant.xyz_cd: 0.16321157454513013
elephant.xyz_dcd: 0.2555800676345825
m355.xyz_cd: 0.31385960755869746
m355.xyz_dcd: 0.28633880615234375
overall_cd: 0.24190726589250305
overall_dcd: 0.27040648460388184
