coverrear_Lp.xyz_cd: 0.11431949678808451
coverrear_Lp.xyz_dcd: 0.2464486062526703
statue_dragon_aligned.xyz_cd: 0.10663262219168246
statue_dragon_aligned.xyz_dcd: 0.2629963159561157
m88.xyz_cd: 0.11904209532076493
m88.xyz_dcd: 0.22732864320278168
cow.xyz_cd: 0.09576909360475838
cow.xyz_dcd: 0.22210851311683655
11509_Panda_v4.xyz_cd: 0.10212430788669735
11509_Panda_v4.xyz_dcd: 0.23638343811035156
13770_Tiger_V1.xyz_cd: 0.032517025829292834
13770_Tiger_V1.xyz_dcd: 0.20420165359973907
m333.xyz_cd: 0.0941989928833209
m333.xyz_dcd: 0.2254159152507782
duck.xyz_cd: 0.10937622573692352
duck.xyz_dcd: 0.2303774505853653
camel.xyz_cd: 0.08279607573058456
camel.xyz_dcd: 0.23067635297775269
m60.xyz_cd: 0.12477929703891277
m60.xyz_dcd: 0.24578732252120972
casting.xyz_cd: 0.20485822460614145
casting.xyz_dcd: 0.2932714521884918
fandisk.xyz_cd: 0.06327885785140097
fandisk.xyz_dcd: 0.226605623960495
horse.xyz_cd: 0.0850484284455888
horse.xyz_dcd: 0.21397331357002258
star.xyz_cd: 0.0980285694822669
star.xyz_dcd: 0.22315678000450134
elk.xyz_cd: 0.21015746460761875
elk.xyz_dcd: 0.23953446745872498
m329.xyz_cd: 0.08793392771622166
m329.xyz_dcd: 0.21848201751708984
pig.xyz_cd: 0.0692666508257389
pig.xyz_dcd: 0.21089386940002441
eight.xyz_cd: 0.07038407784420997
eight.xyz_dcd: 0.20910760760307312
statue_rome_aligned.xyz_cd: 0.09247779962606728
statue_rome_aligned.xyz_dcd: 0.23101526498794556
genus3.xyz_cd: 0.10137738718185574
genus3.xyz_dcd: 0.2232915312051773
m32.xyz_cd: 0.15935944975353777
m32.xyz_dcd: 0.22622759640216827
Gramme_aligned.xyz_cd: 0.123378646094352
Gramme_aligned.xyz_dcd: 0.2647847831249237
statue_ramesses_aligned.xyz_cd: 0.05763964509242214
statue_ramesses_aligned.xyz_dcd: 0.23670747876167297
chair.xyz_cd: 0.12138484453316778
chair.xyz_dcd: 0.262520968914032
kitten.xyz_cd: 0.09742259862832725
kitten.xyz_dcd: 0.2143976390361786
elephant.xyz_cd: 0.07618229574291036
elephant.xyz_dcd: 0.22155265510082245
m355.xyz_cd: 0.100264027423691
m355.xyz_dcd: 0.2280951589345932
overall_cd: 0.10370363438764967
overall_dcd: 0.23242008686065674
