coverrear_Lp.xyz: 0.3538353485055268
statue_dragon_aligned.xyz: 0.2505048178136349
m88.xyz: 0.18724672554526478
cow.xyz: 0.18687403644435108
13770_Tiger_V1.xyz: 0.09751656034495682
m333.xyz: 0.28634798945859075
duck.xyz: 0.39023387944325805
camel.xyz: 0.15090465603861958
m60.xyz: 0.1172703632619232
casting.xyz: 0.44732721289619803
fandisk.xyz: 0.23803155636414886
horse.xyz: 0.14309943071566522
star.xyz: 0.39341478259302676
elk.xyz: 0.34857430728152394
m329.xyz: 0.25249714963138103
pig.xyz: 0.22676761727780104
eight.xyz: 0.2069110341835767
statue_rome_aligned.xyz: 0.14198051940184087
genus3.xyz: 0.32987172016873956
m32.xyz: 0.13960685464553535
Gramme_aligned.xyz: 0.30727515695616603
statue_ramesses_aligned.xyz: 0.16103342932183295
chair.xyz: 0.25285486481152475
kitten.xyz: 0.24481554282829165
elephant.xyz: 0.1647032768232748
m355.xyz: 0.30207663075998425
overall: 0.243137517827563
