coverrear_Lp.xyz_cd: 0.3448903444223106
coverrear_Lp.xyz_dcd: 0.30192887783050537
statue_dragon_aligned.xyz_cd: 0.25606705457903445
statue_dragon_aligned.xyz_dcd: 0.30696552991867065
m88.xyz_cd: 0.15407240425702184
m88.xyz_dcd: 0.2292713075876236
cow.xyz_cd: 0.16369610966648906
cow.xyz_dcd: 0.24701908230781555
13770_Tiger_V1.xyz_cd: 0.09845288877841085
13770_Tiger_V1.xyz_dcd: 0.2171933948993683
m333.xyz_cd: 0.28946337988600135
m333.xyz_dcd: 0.2726576030254364
duck.xyz_cd: 0.3672537859529257
duck.xyz_dcd: 0.3083057999610901
camel.xyz_cd: 0.15040775178931653
camel.xyz_dcd: 0.24618874490261078
m60.xyz_cd: 0.12262599193491042
m60.xyz_dcd: 0.24135541915893555
casting.xyz_cd: 0.4182595876045525
casting.xyz_dcd: 0.3364771604537964
fandisk.xyz_cd: 0.23923718254081905
fandisk.xyz_dcd: 0.2603098154067993
horse.xyz_cd: 0.13955743634141982
horse.xyz_dcd: 0.2366085648536682
star.xyz_cd: 0.36386013380251825
star.xyz_dcd: 0.30432987213134766
elk.xyz_cd: 0.36810303572565317
elk.xyz_dcd: 0.28353458642959595
m329.xyz_cd: 0.24803751148283482
m329.xyz_dcd: 0.27255141735076904
pig.xyz_cd: 0.2230241079814732
pig.xyz_dcd: 0.2442263662815094
eight.xyz_cd: 0.2165232435800135
eight.xyz_dcd: 0.25456997752189636
statue_rome_aligned.xyz_cd: 0.15079918375704437
statue_rome_aligned.xyz_dcd: 0.2510603070259094
genus3.xyz_cd: 0.31983701046556234
genus3.xyz_dcd: 0.29162198305130005
m32.xyz_cd: 0.12205193343106657
m32.xyz_dcd: 0.22721634805202484
Gramme_aligned.xyz_cd: 0.3220493672415614
Gramme_aligned.xyz_dcd: 0.3158382177352905
statue_ramesses_aligned.xyz_cd: 0.15150275430642068
statue_ramesses_aligned.xyz_dcd: 0.2639445960521698
chair.xyz_cd: 0.29042005189694464
chair.xyz_dcd: 0.27980291843414307
kitten.xyz_cd: 0.23616477847099304
kitten.xyz_dcd: 0.26252007484436035
elephant.xyz_cd: 0.16358171706087887
elephant.xyz_dcd: 0.2509922981262207
m355.xyz_cd: 0.3364134463481605
m355.xyz_dcd: 0.28552863001823425
overall_cd: 0.24062893051170528
overall_dcd: 0.268923819065094
